0:
##.
###
#.#

1:
###
..#
###

2:
###
.#.
###

3:
###
###
..#

4:
###
.##
..#

5:
#..
##.
.##

38x36: 46 32 39 35 27 29
48x43: 30 44 44 35 32 39
48x41: 49 54 45 54 42 61
49x50: 61 81 61 57 58 57
48x39: 32 23 34 35 48 35
50x43: 52 64 63 59 46 42
35x43: 30 28 21 22 24 29
45x44: 55 52 54 43 45 57
40x37: 38 38 48 33 38 31
46x43: 34 35 29 37 38 37
44x39: 27 32 25 32 33 33
37x45: 42 36 46 48 42 42
48x35: 35 29 29 27 24 31
47x42: 33 25 42 45 34 30
42x43: 37 30 29 30 38 32
36x43: 43 40 33 43 33 48
39x45: 45 42 52 41 52 37
45x35: 44 49 32 46 41 27
46x48: 53 53 61 52 66 56
36x43: 29 56 38 34 35 48
42x36: 28 27 23 32 26 32
45x43: 32 34 40 34 24 45
47x42: 33 34 36 39 30 38
37x40: 20 37 28 25 22 24
36x35: 30 23 28 39 47 28
38x37: 20 19 25 32 25 22
47x37: 24 28 27 35 30 36
49x48: 60 57 66 59 59 61
38x39: 23 28 26 29 25 24
45x47: 58 56 48 55 43 68
44x45: 40 36 35 32 29 38
49x50: 40 38 49 35 50 44
35x46: 41 43 38 39 40 49
49x42: 30 33 42 39 38 42
37x47: 42 40 40 53 47 47
45x44: 60 51 47 51 48 46
42x45: 43 46 54 55 40 53
36x35: 37 40 28 23 46 18
46x43: 52 57 40 63 57 31
48x41: 50 61 45 49 55 41
36x43: 39 49 32 35 41 44
40x49: 40 51 42 60 51 61
43x49: 56 56 65 42 51 54
45x39: 44 41 39 53 49 45
39x44: 35 54 41 42 54 38
47x42: 32 42 32 26 38 39
37x49: 41 45 50 47 48 49
49x37: 53 45 44 46 43 48
48x41: 27 36 44 37 28 35
46x49: 37 36 39 39 45 44
50x44: 54 65 73 50 47 45
49x48: 40 41 46 34 48 47
36x43: 45 48 34 32 42 37
43x36: 30 20 27 32 32 26
46x48: 42 34 44 44 41 35
39x43: 34 32 32 28 29 27
48x43: 41 35 27 39 44 37
42x35: 23 15 25 31 28 32
37x48: 37 42 49 58 42 45
43x48: 50 48 51 54 59 58
38x44: 26 31 25 28 28 30
37x41: 41 31 45 35 41 42
39x50: 37 37 39 36 31 28
42x50: 40 28 47 39 34 35
42x47: 35 42 31 27 35 40
46x50: 53 67 58 57 73 44
43x48: 36 39 41 39 36 33
42x50: 53 26 40 33 35 36
44x43: 46 46 49 56 50 43
45x38: 23 38 29 33 28 28
43x38: 36 41 49 48 38 38
47x37: 38 49 58 47 37 35
41x44: 40 60 46 43 54 32
36x38: 18 24 33 28 16 24
50x38: 24 29 26 34 46 33
40x38: 36 30 16 29 21 24
47x49: 66 69 59 58 42 58
48x35: 42 48 40 54 33 39
46x47: 68 54 49 56 59 44
44x42: 22 29 41 41 33 30
48x40: 25 27 33 41 44 37
39x47: 26 32 38 35 33 31
39x48: 39 32 31 39 38 28
45x47: 56 61 59 40 60 49
46x40: 46 46 47 46 51 48
40x45: 28 36 28 38 32 33
48x49: 39 40 42 43 50 42
43x42: 33 24 44 35 34 26
36x50: 41 26 30 34 24 37
49x37: 34 35 25 25 32 41
41x49: 54 44 51 51 52 60
46x50: 30 34 45 44 42 44
50x36: 30 46 32 30 33 21
48x36: 34 31 26 28 40 32
41x37: 41 42 37 43 38 30
50x43: 37 35 40 43 38 31
40x35: 37 47 39 25 31 36
36x44: 48 39 36 39 43 39
45x45: 40 26 41 40 41 37
40x42: 23 31 29 41 27 31
45x41: 32 25 43 33 33 29
42x44: 52 36 45 58 47 46
41x35: 33 26 26 19 20 18
48x49: 70 61 57 48 61 67
49x44: 50 29 32 40 33 39
47x36: 39 45 45 39 54 39
37x41: 43 33 39 40 40 39
39x39: 42 31 37 49 36 39
44x36: 30 48 40 44 36 47
44x48: 39 61 55 56 56 60
39x49: 35 36 34 36 36 31
48x47: 59 59 53 58 65 53
41x48: 45 35 33 40 29 26
44x38: 25 24 32 29 22 35
45x47: 49 53 59 62 51 50
35x36: 19 23 24 24 23 19
46x37: 29 26 36 33 29 26
39x41: 39 42 41 43 35 47
41x41: 33 22 29 32 33 19
35x49: 32 29 22 25 38 30
47x50: 58 56 69 59 59 61
39x35: 21 19 20 22 30 30
49x49: 44 43 39 43 58 29
50x47: 41 38 35 46 34 46
47x39: 41 55 54 49 37 44
41x44: 54 51 33 45 54 40
45x38: 37 31 29 24 27 32
42x43: 51 47 37 49 49 45
42x48: 40 38 29 33 44 39
43x38: 42 42 38 40 42 50
36x46: 32 34 34 32 20 27
45x46: 49 60 55 55 49 49
49x50: 39 43 48 41 37 47
42x42: 41 48 57 39 40 46
46x45: 55 50 53 60 46 54
49x39: 39 33 23 32 44 36
35x44: 24 20 26 30 27 26
48x50: 40 41 47 46 45 37
40x46: 30 38 30 24 31 41
38x35: 19 24 25 28 18 18
48x44: 51 51 57 51 60 57
39x39: 32 25 29 27 25 30
41x49: 41 44 45 61 60 63
46x41: 29 38 34 32 34 27
37x48: 38 55 48 53 35 42
50x35: 45 47 50 44 39 43
44x50: 59 62 45 62 46 66
45x40: 37 46 61 48 39 45
46x48: 61 56 61 54 57 49
42x40: 40 25 41 24 21 30
35x46: 28 39 24 28 18 27
42x44: 41 30 30 26 44 25
48x47: 43 40 35 37 38 46
42x38: 18 33 24 32 25 36
45x49: 38 42 42 47 39 31
36x40: 29 26 26 19 25 30
40x46: 53 44 36 56 50 44
50x48: 46 31 46 41 51 40
44x43: 50 44 49 52 44 53
36x40: 32 34 17 20 27 26
48x49: 62 74 49 65 55 55
49x48: 34 42 45 39 45 50
44x40: 33 49 52 44 56 36
47x50: 34 42 31 37 54 42
38x42: 27 29 36 26 27 23
36x50: 33 30 38 21 36 34
44x46: 35 36 32 27 52 28
36x47: 50 35 47 40 46 43
35x49: 47 47 46 34 44 47
45x42: 42 32 23 43 32 38
40x41: 29 29 28 24 36 22
39x38: 30 25 24 23 27 26
39x39: 40 34 41 47 29 43
44x40: 59 37 37 37 47 58
43x44: 49 56 44 48 51 42
35x36: 20 23 28 22 22 17
41x36: 42 43 39 37 32 32
38x49: 45 21 40 26 29 31
49x39: 52 42 47 52 41 63
35x36: 27 23 20 22 28 11
37x36: 29 38 28 38 33 41
38x49: 34 39 21 32 32 33
38x43: 30 25 25 37 20 31
43x42: 32 31 26 38 33 35
39x49: 36 35 32 30 37 37
47x37: 47 45 37 39 54 48
39x44: 29 31 23 35 27 37
41x40: 29 24 22 35 28 30
40x41: 36 48 42 46 42 37
39x35: 41 44 26 25 36 40
50x42: 41 38 30 39 34 41
43x46: 31 40 48 26 39 26
40x48: 31 26 37 35 49 29
39x47: 40 38 20 34 29 33
42x45: 32 35 31 45 27 39
37x36: 22 34 20 24 25 19
39x35: 26 21 30 18 26 21
50x35: 28 26 26 32 29 34
40x41: 24 24 27 38 27 28
36x35: 19 21 17 25 19 30
43x36: 35 39 31 46 39 52
41x44: 19 24 29 34 41 34
43x50: 59 54 63 61 48 41
36x50: 35 34 29 27 30 37
46x36: 36 28 33 28 22 33
45x41: 43 52 55 36 44 56
36x37: 36 35 39 34 30 29
47x41: 38 64 47 47 47 55
44x37: 32 47 37 42 40 57
37x38: 23 24 17 22 27 30
37x41: 35 40 43 37 40 39
35x48: 34 21 27 35 36 23
43x40: 37 29 32 23 25 36
41x40: 41 46 51 50 30 29
35x45: 25 25 31 30 20 33
42x44: 31 29 35 35 35 31
42x40: 41 35 55 46 43 37
38x42: 46 51 39 28 35 48
50x40: 57 52 46 48 51 55
38x35: 21 22 18 25 24 22
43x45: 36 26 38 29 35 45
46x42: 43 32 39 33 36 27
38x38: 27 22 32 23 24 15
42x44: 49 52 38 51 41 55
43x39: 40 31 60 27 54 50
47x36: 31 24 26 34 33 31
50x44: 57 61 60 47 61 52
36x41: 36 35 42 32 38 47
48x35: 33 30 28 22 28 34
47x46: 58 57 43 61 60 54
47x42: 44 42 54 53 54 60
39x44: 32 23 33 28 28 37
49x38: 45 47 51 46 55 42
38x45: 55 42 42 40 43 40
48x43: 31 42 39 41 40 31
46x40: 51 48 46 53 37 47
46x44: 32 30 39 40 37 31
40x43: 31 31 33 36 17 34
40x43: 42 45 54 34 48 42
44x49: 27 34 43 37 40 43
46x36: 35 31 35 28 28 22
41x42: 35 32 33 24 25 32
48x45: 32 42 44 40 37 44
43x46: 44 57 43 44 54 68
48x49: 49 29 49 41 53 34
46x37: 28 25 33 34 29 30
47x43: 37 30 37 28 42 35
38x35: 21 20 30 21 19 20
46x46: 31 32 46 43 38 34
48x47: 39 52 33 48 36 31
47x39: 29 34 39 29 37 26
44x49: 31 44 33 29 43 43
50x45: 38 45 35 49 43 30
38x44: 39 43 47 39 44 47
42x35: 30 27 23 27 21 26
41x46: 33 43 52 53 65 46
38x36: 22 30 26 26 24 16
48x44: 49 49 53 68 45 62
46x45: 54 57 49 54 60 43
44x47: 51 55 61 43 56 53
36x44: 27 23 29 27 25 36
39x35: 22 26 24 19 33 19
36x48: 48 42 47 39 38 54
41x35: 42 35 31 36 38 40
36x41: 50 34 33 29 36 48
38x48: 28 32 37 29 31 34
44x41: 54 43 39 52 36 55
38x48: 40 31 20 33 35 32
38x45: 30 31 32 30 32 24
48x43: 41 36 32 44 35 35
49x40: 51 51 55 59 44 37
37x43: 36 41 46 49 35 36
40x44: 31 31 35 30 35 20
49x48: 36 36 45 42 53 44
44x39: 48 53 40 35 45 43
39x47: 52 49 45 49 44 41
38x47: 50 44 45 45 40 52
40x48: 35 38 36 35 24 40
49x46: 45 36 27 45 45 42
35x50: 30 34 27 29 25 30
48x45: 54 55 59 53 56 56
37x49: 47 56 56 30 42 48
37x49: 35 22 30 25 45 34
37x47: 45 38 46 52 43 43
40x37: 35 43 40 41 30 38
42x36: 20 37 26 26 26 32
41x41: 36 32 26 22 19 33
39x49: 47 35 34 33 35 24
42x41: 40 33 42 58 48 45
35x41: 29 24 25 19 29 16
35x44: 17 25 30 30 22 29
41x41: 26 29 31 29 26 27
40x41: 27 30 28 21 29 34
40x38: 23 35 26 22 18 31
50x44: 44 56 66 68 44 60
38x47: 38 27 41 22 23 29
46x36: 36 42 52 35 42 50
48x39: 43 50 51 56 53 31
47x49: 40 34 43 41 37 45
47x43: 43 53 52 50 52 65
36x47: 33 34 27 29 29 28
50x37: 29 35 37 27 28 36
44x36: 32 46 45 41 43 36
35x42: 46 36 37 35 34 38
44x45: 41 26 35 31 41 36
50x49: 41 46 35 49 46 39
49x37: 26 29 32 45 29 30
39x36: 33 38 30 53 29 31
40x37: 35 26 25 16 31 23
37x45: 41 46 34 45 40 53
38x36: 19 33 29 26 17 20
41x37: 44 45 41 31 32 40
35x46: 30 26 25 29 34 21
48x41: 34 42 31 35 36 29
38x39: 33 36 37 43 41 39
42x35: 24 27 27 25 23 27
41x36: 28 26 33 25 18 25
38x38: 22 30 30 24 18 20
43x37: 31 25 33 21 28 30
49x37: 48 39 49 49 54 39
39x50: 30 39 36 25 50 27
43x39: 52 42 54 28 36 46
47x48: 44 43 48 35 39 30
48x43: 57 50 59 57 44 48
37x37: 28 24 30 24 17 21
42x37: 29 42 41 44 48 35
36x41: 37 39 42 34 40 35
38x48: 46 41 53 40 42 63
48x42: 49 54 60 44 53 50
38x35: 14 22 30 26 17 22
50x41: 59 49 62 48 52 43
35x36: 23 24 17 20 24 24
47x46: 48 59 59 58 60 47
42x48: 37 40 30 41 48 28
44x42: 45 46 43 50 51 51
46x39: 26 37 36 33 29 34
38x41: 35 36 42 44 37 48
38x49: 27 31 23 39 37 34
50x35: 25 28 29 25 36 32
45x40: 46 48 49 41 49 44
38x43: 45 39 46 40 41 40
47x37: 29 30 34 32 24 31
38x42: 30 25 29 25 28 31
38x47: 19 38 39 36 26 21
37x45: 35 29 23 36 28 28
48x41: 57 57 52 34 55 48
44x49: 46 38 37 41 31 31
42x41: 30 27 19 40 25 40
41x41: 23 28 32 34 24 28
43x35: 44 40 34 36 39 39
38x37: 27 19 23 20 30 25
39x42: 45 34 49 47 35 41
50x44: 30 36 30 32 48 48
41x44: 52 49 50 36 42 49
48x42: 44 45 35 35 35 30
39x42: 38 46 41 40 36 54
43x47: 63 51 59 39 48 50
44x42: 33 29 38 27 35 34
40x36: 30 22 32 28 19 24
46x47: 29 49 35 42 36 34
45x49: 41 40 45 38 43 33
50x45: 50 63 65 54 57 57
50x45: 44 39 42 37 41 36
41x47: 40 33 31 32 32 27
44x47: 56 54 50 52 55 51
42x35: 19 31 23 29 24 27
45x38: 23 33 36 27 32 28
36x44: 44 50 31 34 48 37
46x35: 42 49 38 48 39 28
41x42: 22 34 30 22 30 43
42x46: 38 30 33 38 31 39
35x39: 26 38 40 37 31 39
49x48: 44 34 50 38 46 44
37x44: 46 37 40 41 48 39
35x49: 31 29 26 20 37 32
45x42: 23 33 44 45 28 37
37x47: 28 35 32 25 28 32
48x44: 33 31 45 36 32 47
42x36: 30 46 42 44 35 34
44x36: 41 43 39 38 44 39
47x37: 33 25 38 27 30 26
49x45: 36 38 51 23 45 47
50x42: 44 37 33 43 36 31
35x39: 31 41 32 32 44 30
43x41: 50 48 48 40 44 40
46x39: 23 27 33 40 36 35
40x39: 43 33 50 32 40 43
45x46: 46 57 56 56 51 52
37x36: 29 34 32 35 39 38
42x42: 31 35 40 29 28 33
35x46: 41 33 38 52 34 52
41x45: 51 52 51 39 35 57
39x37: 39 38 42 25 42 37
36x41: 47 39 40 28 35 38
36x41: 28 40 35 46 41 38
47x36: 26 31 28 33 34 27
40x48: 60 47 40 49 50 50
39x50: 51 45 49 52 59 44
35x45: 28 44 32 52 50 37
45x37: 30 31 21 33 31 34
39x41: 28 30 29 28 28 25
38x38: 44 41 29 39 31 38
50x44: 39 38 31 43 35 38
36x39: 35 33 42 39 32 34
50x35: 29 39 24 24 32 28
41x46: 57 55 50 49 35 40
41x49: 40 29 33 39 32 34
37x45: 35 32 30 32 25 26
47x39: 31 35 35 31 29 34
37x38: 16 22 25 28 24 28
46x40: 42 35 51 50 51 58
44x45: 33 35 26 40 42 33
46x39: 32 38 58 55 49 44
43x44: 59 34 51 55 45 46
50x48: 61 73 60 62 56 55
42x36: 27 27 30 28 22 33
41x45: 23 37 27 38 33 37
35x45: 44 41 32 35 53 39
50x38: 29 27 39 33 33 31
48x44: 55 60 59 50 45 55
47x47: 59 63 55 51 49 64
50x45: 30 43 39 46 42 40
48x49: 70 65 67 48 55 55
35x47: 44 47 39 41 36 47
44x48: 30 42 32 43 45 32
43x44: 38 38 34 34 23 29
36x36: 49 38 25 22 36 29
41x50: 48 55 68 50 41 52
41x37: 31 32 13 33 16 30
48x50: 41 50 51 36 42 36
38x45: 27 32 31 35 25 29
42x40: 34 26 34 22 33 33
39x48: 28 39 30 39 31 40
37x48: 53 38 49 51 37 44
37x38: 20 19 23 27 35 19
36x37: 31 29 44 34 34 33
39x45: 45 54 45 43 52 27
46x49: 57 61 57 45 60 71
43x46: 26 33 42 36 36 36
46x36: 28 37 30 24 35 25
36x36: 32 23 20 30 16 22
35x38: 23 25 30 19 13 21
37x43: 32 48 36 38 51 42
46x44: 42 62 61 53 46 45
35x37: 23 20 27 17 22 23
35x36: 35 27 31 34 33 35
42x38: 27 26 26 32 36 21
42x38: 39 33 48 46 41 38
49x48: 37 50 39 43 40 46
50x35: 23 36 29 30 32 26
40x49: 53 48 48 49 52 53
46x42: 37 38 34 35 39 26
41x39: 28 29 26 31 25 30
49x44: 59 64 55 43 62 48
35x43: 24 28 25 28 22 27
42x43: 26 24 41 32 34 38
49x37: 35 33 26 35 33 29
37x36: 38 35 28 38 27 40
39x38: 42 47 31 38 38 30
36x43: 40 52 38 37 35 34
36x50: 27 35 25 26 40 39
49x36: 38 23 38 32 32 29
35x43: 40 43 26 36 51 37
40x44: 43 43 46 51 41 47
39x39: 27 30 23 23 38 28
47x44: 51 48 51 56 63 50
46x38: 33 44 40 51 49 56
43x39: 44 42 39 41 46 48
42x47: 53 40 46 58 51 58
46x47: 60 57 47 48 60 64
40x35: 30 29 26 23 17 18
40x47: 38 57 50 63 36 42
50x45: 34 29 29 49 49 50
48x39: 38 55 39 52 56 50
46x37: 34 31 32 29 25 29
47x41: 24 34 29 33 33 41
45x42: 35 19 35 36 37 47
48x35: 43 57 33 42 41 42
37x48: 45 33 47 41 62 49
46x46: 46 50 58 70 45 56
49x44: 54 48 52 60 59 61
50x35: 27 30 22 36 36 24
48x35: 42 36 42 46 45 50
43x49: 47 34 29 38 39 37
46x45: 52 45 57 55 55 56
47x47: 42 26 40 37 39 40
45x46: 32 50 34 47 23 38
45x49: 41 45 34 35 51 34
40x48: 36 35 31 36 34 35
38x46: 43 45 49 34 48 53
35x37: 23 21 24 25 22 16
42x36: 23 35 43 46 50 37
35x48: 42 47 28 47 54 42
46x38: 48 37 49 42 42 53
36x42: 44 33 33 42 50 30
37x46: 44 39 48 47 42 41
47x40: 40 52 51 43 46 61
39x40: 39 39 34 48 42 38
41x36: 41 23 24 21 19 27
46x38: 47 43 40 43 48 50
49x41: 38 37 27 34 26 45
38x44: 21 26 25 34 27 34
47x44: 30 38 42 29 33 37
39x39: 30 23 32 27 23 33
37x47: 42 47 45 42 43 50
45x44: 38 53 64 47 59 43
36x45: 30 33 32 34 30 20
46x36: 47 48 38 48 30 42
45x50: 36 42 36 37 43 46
39x42: 28 31 34 29 35 24
43x41: 33 28 26 24 37 34
37x44: 32 30 18 25 34 29
41x47: 32 35 32 33 29 33
37x39: 39 38 35 34 43 33
36x43: 37 21 29 29 32 20
49x38: 55 61 36 44 47 42
35x43: 46 34 46 31 38 36
37x36: 28 27 30 20 19 20
50x35: 28 30 26 28 29 34
47x45: 43 38 35 41 26 42
50x41: 56 55 47 49 57 52
35x41: 38 38 39 31 39 36
47x46: 33 38 47 29 34 43
37x43: 27 30 37 23 29 22
49x42: 61 54 52 51 60 35
37x49: 35 34 32 20 35 36
37x42: 30 32 24 17 31 34
49x46: 40 42 38 45 37 37
44x43: 51 44 46 43 57 53
37x41: 41 39 41 40 33 39
49x35: 38 44 44 45 44 51
44x45: 39 47 62 47 57 55
37x44: 27 25 25 37 32 21
39x44: 34 36 30 23 30 28
50x39: 56 43 54 40 45 66
41x50: 59 58 44 55 46 53
38x46: 35 22 37 24 35 27
44x36: 29 31 26 24 28 29
46x39: 25 39 44 29 29 28
49x46: 57 51 65 53 54 70
37x37: 25 32 38 34 49 35
45x41: 38 34 29 32 25 37
48x48: 51 37 42 46 51 29
47x45: 35 33 46 35 35 41
49x49: 39 39 50 47 46 34
37x46: 45 37 48 46 42 44
42x36: 45 37 34 42 33 42
41x50: 59 52 49 54 53 47
49x42: 49 59 64 42 46 57
44x41: 29 36 30 36 31 20
43x37: 29 24 26 28 32 28
39x44: 40 52 41 44 38 50
48x44: 58 55 51 62 51 45
50x37: 30 41 31 32 26 31
43x45: 26 35 40 36 37 35
37x47: 24 29 25 28 40 33
45x49: 43 44 44 34 42 32
35x48: 33 26 30 29 37 21
46x36: 31 31 28 34 31 25
49x35: 24 25 30 25 32 39
49x50: 76 68 70 49 51 61
47x36: 24 31 34 32 24 34
47x39: 31 38 30 33 28 34
39x48: 44 55 46 52 49 40
47x49: 24 40 55 45 41 35
40x37: 35 25 30 18 23 24
45x47: 34 28 45 45 34 38
42x38: 30 34 27 28 23 25
49x38: 31 37 37 22 32 32
36x48: 44 38 38 45 56 48
48x39: 46 33 41 57 60 55
48x41: 39 39 42 27 27 34
43x38: 31 26 20 22 31 37
43x46: 47 48 51 48 57 56
43x42: 38 32 39 29 20 38
40x40: 34 38 43 49 48 33
39x46: 56 43 32 55 40 51
38x41: 19 22 25 38 27 25
36x48: 36 34 30 32 27 32
37x48: 19 41 35 32 28 37
39x46: 31 36 29 28 40 31
40x41: 39 41 42 43 42 47
50x44: 51 58 59 51 60 62
46x38: 34 28 30 30 27 31
36x49: 45 42 37 63 41 42
36x50: 49 37 58 49 47 34
41x44: 45 44 50 43 46 51
36x49: 27 41 24 30 36 33
35x46: 43 40 32 52 39 42
41x48: 49 50 50 46 61 48
41x40: 32 32 27 23 26 29
38x43: 43 40 37 45 41 47
47x40: 50 42 35 52 64 49
40x40: 27 26 32 29 29 26
46x35: 44 39 37 39 40 52
40x50: 37 36 33 33 39 30
37x36: 43 34 25 31 37 36
38x35: 16 26 24 19 19 27
36x38: 37 37 37 30 37 32
42x47: 32 44 23 37 31 42
47x44: 58 64 58 46 44 45
49x42: 52 44 69 47 57 47
42x39: 29 26 26 33 34 33
41x40: 45 36 38 55 40 37
37x48: 33 25 37 27 38 31
41x49: 56 53 52 47 44 58
43x48: 54 43 55 49 53 68
41x41: 39 22 23 27 31 27
47x44: 36 41 30 38 32 32
49x38: 36 22 32 30 41 31
42x47: 33 41 38 31 34 33
50x44: 68 50 58 55 51 56
44x46: 62 50 49 51 46 53
40x42: 42 45 37 36 56 45
47x49: 59 59 52 71 54 59
41x47: 29 28 27 38 32 40
50x45: 54 50 54 62 62 68
37x42: 29 36 36 17 20 29
42x43: 28 26 42 37 30 32
37x40: 28 26 31 23 22 25
48x39: 51 46 48 59 45 35
48x48: 37 42 43 43 53 38
42x43: 41 43 50 54 42 48
38x47: 45 44 48 32 56 54
41x50: 59 50 54 49 59 43
45x49: 57 65 56 57 42 62
48x47: 32 38 42 40 49 38
40x46: 27 42 34 33 30 28
41x37: 24 29 24 30 33 15
41x46: 50 43 49 47 45 59
47x38: 29 28 34 27 35 27
44x50: 65 51 49 60 53 62
35x41: 27 21 27 21 28 19
35x36: 16 21 30 19 23 22
47x48: 32 37 45 38 43 44
43x46: 29 31 37 38 30 45
40x42: 46 41 44 33 55 41
49x35: 45 46 44 32 48 52
44x46: 39 24 34 39 29 44
45x40: 50 43 48 36 53 49
48x43: 51 64 48 46 57 52
49x47: 39 42 37 40 39 43
49x38: 32 31 29 34 35 30
49x35: 27 28 29 30 26 36
46x47: 38 40 40 33 39 34
43x40: 33 34 26 30 26 32
48x49: 46 35 38 43 53 41
46x39: 42 23 33 39 30 27
50x48: 56 57 65 59 78 55
50x48: 53 64 59 71 64 58
48x36: 42 52 40 45 46 40
50x50: 54 59 82 63 71 54
37x42: 34 40 21 27 20 26
44x38: 23 34 32 27 23 29
35x48: 29 27 35 30 22 33
48x44: 49 66 54 50 56 49
43x39: 27 32 26 28 34 35
40x44: 35 35 27 25 32 27
48x45: 45 33 42 33 38 48
45x35: 20 32 23 29 32 29
35x42: 35 24 20 26 23 26
36x40: 33 24 19 26 31 23
45x40: 29 37 26 37 37 29
36x44: 37 43 43 43 33 45
36x47: 27 43 34 25 24 27
40x42: 27 37 24 33 35 26
39x42: 43 37 38 50 44 40
40x50: 33 34 41 33 42 24
37x48: 58 39 49 40 46 40
48x41: 30 30 41 38 41 27
47x49: 65 67 45 59 53 67
48x46: 43 37 44 48 29 39
35x48: 36 40 43 47 44 51
36x49: 43 41 42 41 57 51
37x50: 30 27 34 29 34 38
50x36: 52 40 36 55 42 54
50x42: 56 64 46 57 50 48
35x40: 20 29 21 21 23 28
41x44: 34 27 33 29 28 31
40x47: 32 31 37 27 33 35
42x42: 26 30 37 27 36 39
50x46: 46 39 41 33 44 37
50x38: 30 31 33 33 26 39
38x39: 28 27 32 26 23 19
42x49: 47 35 31 39 34 38
40x48: 32 34 39 30 42 30
40x45: 44 46 43 48 46 52
43x41: 26 27 43 26 30 29
50x36: 26 35 33 34 36 28
43x42: 38 60 45 44 49 41
41x47: 44 45 48 58 45 59
40x50: 37 29 35 43 25 39
37x45: 50 36 37 46 39 50
42x39: 40 24 36 27 26 29
38x43: 30 27 32 25 23 30
44x42: 42 48 44 54 58 37
50x44: 38 48 27 26 48 36
45x49: 45 45 46 29 43 31
43x46: 40 57 46 46 63 56
36x50: 24 30 32 35 33 37
50x48: 52 74 59 65 57 62
41x40: 40 41 44 47 44 35
50x50: 47 40 43 43 38 44
45x50: 33 40 40 48 36 42
39x50: 48 52 57 47 48 47
49x46: 42 38 39 50 34 37
43x41: 52 37 40 46 55 42
37x48: 39 37 36 24 25 31
35x50: 50 42 43 55 38 39
48x42: 50 45 51 59 54 52
48x38: 35 39 32 30 32 24
40x43: 22 38 19 34 33 36
45x44: 43 29 31 35 39 33
38x35: 17 25 26 22 25 17
45x35: 30 27 25 31 33 18
44x49: 35 41 32 31 45 40
38x44: 44 39 54 34 46 40
41x44: 28 34 34 29 31 26
42x46: 38 34 29 30 32 47
41x47: 53 45 51 52 48 47
46x43: 39 54 42 62 57 52
41x43: 37 30 25 35 24 31
46x36: 26 29 27 31 27 39
42x38: 41 46 41 52 32 29
46x50: 50 50 60 70 66 59
43x37: 30 31 47 55 42 40
39x42: 30 26 29 36 25 36
36x42: 26 32 32 24 29 24
50x43: 61 48 63 51 46 63
40x44: 49 41 50 36 44 53
43x38: 29 39 24 19 27 30
50x46: 41 36 46 35 47 35
43x49: 41 36 37 34 40 35
42x35: 37 31 31 30 55 48
36x50: 52 39 53 34 52 49
41x37: 26 28 29 31 23 19
46x47: 30 37 26 42 52 37
37x37: 35 32 30 49 34 29
47x45: 54 50 63 61 45 50
48x48: 45 37 45 42 41 45
38x49: 60 42 42 46 44 54
47x36: 44 38 42 40 52 47
45x39: 33 39 50 59 44 45
50x36: 40 33 19 35 26 39
49x49: 59 66 52 69 66 57
40x42: 45 38 57 36 39 43
49x40: 38 28 38 41 33 30
44x36: 42 45 31 37 55 34
50x45: 55 68 62 46 55 61
36x44: 36 28 18 23 31 31
50x42: 53 59 50 59 51 50
50x45: 41 44 35 45 29 46
48x35: 47 53 34 41 42 41
35x48: 26 31 23 44 23 29
47x49: 56 54 62 62 57 65
38x43: 38 28 24 27 31 20
49x50: 51 44 36 42 40 43
47x45: 59 58 56 42 57 54
46x37: 23 26 42 27 35 27
43x47: 39 39 37 30 39 25
42x43: 50 49 46 43 48 41
49x37: 33 32 32 32 38 25
45x40: 41 40 45 40 65 50
36x37: 22 19 37 20 19 26
39x50: 29 31 32 29 54 33
38x36: 18 22 18 34 26 26
40x50: 35 34 35 34 38 31
47x48: 39 39 33 47 42 39
38x45: 44 44 35 58 36 46
37x47: 64 46 32 42 48 33
50x40: 32 26 37 40 31 42
40x43: 49 36 48 45 37 51
38x35: 33 30 29 42 39 32
39x45: 40 43 40 44 59 47
50x38: 46 31 28 23 29 34
49x47: 48 39 37 46 26 43
45x38: 33 30 20 40 30 26
42x50: 67 51 41 56 46 64
45x36: 40 38 48 33 45 48
49x47: 58 60 50 62 60 67
39x40: 36 28 25 24 31 24
35x42: 31 28 25 26 22 22
46x50: 41 30 42 43 43 41
43x44: 22 39 35 38 33 28
37x42: 21 30 39 17 30 31
50x46: 39 46 36 35 49 34
35x36: 18 23 29 20 20 22
50x49: 46 40 37 38 45 50
45x39: 40 44 32 54 52 51
43x37: 40 37 36 44 49 40
46x35: 29 26 36 28 20 26
39x36: 36 21 22 23 24 29
44x36: 38 36 38 39 48 48
42x35: 43 37 32 39 41 34
35x50: 28 31 20 39 35 23
45x49: 37 40 46 37 46 34
35x44: 29 38 47 45 43 34
40x41: 42 28 30 16 27 26
49x45: 59 44 57 62 57 62
36x46: 38 43 58 39 43 31
40x41: 51 41 35 43 46 35
44x36: 49 34 45 48 33 31
39x42: 25 38 37 27 32 23
43x38: 34 30 27 26 27 23
46x39: 35 54 54 45 44 43
43x44: 37 30 27 35 39 27
37x40: 29 22 25 35 24 20
45x41: 47 45 45 46 51 52
39x39: 41 41 37 43 29 43
44x37: 23 26 24 33 31 31
50x47: 39 39 36 45 38 43
38x39: 20 23 25 28 34 26
38x41: 37 46 45 33 39 40
44x40: 53 49 45 31 36 60
48x48: 50 56 64 61 59 67
40x48: 30 34 33 36 39 36
47x36: 32 35 34 27 23 28
41x40: 29 23 26 37 28 26
48x37: 38 24 29 35 33 32
49x36: 47 42 45 40 49 51
46x42: 36 39 38 26 34 36
50x49: 42 43 46 45 43 36
49x43: 49 38 31 35 31 39
36x40: 32 36 38 37 40 40
49x47: 66 53 67 57 59 50
47x47: 61 48 56 52 66 59
43x49: 51 56 57 44 63 55
47x35: 39 44 44 37 40 52
39x49: 44 53 51 43 52 53
35x50: 32 20 32 34 30 27
43x36: 39 31 37 52 48 30
37x50: 33 29 22 34 40 34
46x50: 39 38 46 42 36 39
49x36: 34 53 47 42 53 43
35x39: 28 27 19 18 22 28
38x50: 32 30 37 27 33 33
48x42: 40 35 28 44 40 37
46x41: 47 41 52 53 48 50
37x37: 30 16 27 19 23 28
37x46: 31 29 35 31 29 25
49x37: 61 48 37 51 31 50
40x36: 35 40 39 36 36 35
38x36: 30 26 25 20 17 25
39x47: 30 35 28 38 28 36
47x37: 29 28 35 28 29 30
49x39: 38 24 45 35 33 33
49x36: 59 38 39 52 41 41
40x43: 35 32 29 26 26 34
39x44: 34 35 52 58 40 45
45x40: 49 37 44 49 50 50
48x47: 41 50 33 45 43 27
38x41: 24 27 22 27 25 30
45x48: 64 57 56 43 58 55
41x48: 61 45 49 53 44 50
40x37: 25 34 23 27 23 24
37x36: 34 13 19 26 18 34
40x37: 36 34 32 46 36 46
38x39: 32 34 40 38 45 41
50x35: 42 38 47 56 46 39
38x44: 27 30 22 30 27 31
48x47: 40 41 34 36 48 41
47x35: 31 37 46 52 46 42
35x37: 18 18 26 25 21 23
49x49: 53 64 63 60 58 75
36x39: 30 25 48 47 37 27
44x38: 30 25 20 35 31 27
47x40: 50 52 55 39 41 53
37x44: 25 31 23 22 40 27
36x45: 33 31 19 33 35 29
40x50: 38 35 31 42 37 25
37x43: 35 38 49 44 40 38
36x38: 34 35 37 32 29 46
48x37: 34 28 32 34 30 34
43x48: 55 62 51 48 39 64
47x44: 54 53 55 51 55 50
39x48: 36 42 24 34 31 40
41x48: 37 26 49 26 29 40
42x45: 39 34 45 27 26 38
37x47: 25 27 38 35 30 25
49x43: 39 37 36 37 37 38
40x47: 32 42 29 35 27 29
45x42: 35 31 39 38 38 28
45x44: 31 37 38 27 42 34
37x36: 34 43 32 26 28 44
38x35: 26 22 16 19 23 26
47x37: 27 33 32 28 28 32
42x43: 53 37 50 47 40 52
39x39: 34 26 25 26 32 25
45x38: 30 25 29 44 27 25
40x47: 47 51 49 44 49 50
42x42: 37 31 25 44 32 26
45x48: 44 30 44 42 37 42
39x41: 33 41 46 33 45 52
46x43: 37 32 31 45 35 29
50x38: 22 29 42 27 46 26
45x40: 29 39 39 31 30 26
47x48: 41 40 43 43 37 35
49x35: 53 48 27 44 48 45
38x40: 38 33 48 37 44 33
47x46: 43 35 33 44 36 34
35x40: 31 19 15 22 32 24
35x44: 32 36 37 46 45 43
38x35: 20 23 26 17 18 27
37x35: 32 32 16 15 19 18
50x47: 42 41 48 44 35 30
46x48: 32 41 47 32 37 51
45x42: 49 52 39 44 59 50
39x41: 34 31 20 31 33 20
37x48: 41 46 40 63 43 38
47x39: 40 37 27 39 26 26
35x40: 25 24 24 26 15 28
40x48: 44 31 35 40 28 29
46x50: 62 74 69 43 52 51
37x50: 54 44 55 40 46 45
50x45: 44 38 45 38 34 41
41x41: 50 38 43 42 47 38
49x35: 48 46 51 40 41 35
36x46: 46 42 42 46 31 48
50x49: 54 79 70 52 56 66
49x38: 36 26 27 29 37 36
39x50: 42 55 56 39 47 65
36x42: 28 37 22 26 34 21
35x36: 29 17 21 23 24 18
43x35: 21 26 29 35 16 27
47x50: 47 41 44 36 32 39
49x49: 43 35 40 39 54 45
47x49: 58 50 70 58 58 61
37x45: 21 28 34 38 36 23
37x36: 27 36 34 31 39 41
46x45: 51 47 45 67 57 52
36x41: 43 38 31 36 43 37
36x40: 42 35 38 36 40 29
35x42: 24 20 25 40 24 21
37x40: 41 21 23 33 21 16
39x38: 29 19 27 30 27 24
50x40: 49 56 62 42 49 49
46x50: 42 37 38 42 42 38
46x41: 21 41 37 33 28 35
46x44: 49 53 47 54 50 61
48x44: 47 38 43 29 32 34
48x45: 39 39 43 34 44 40
44x45: 43 36 33 37 31 30
39x38: 32 23 26 24 27 23
35x36: 34 34 27 29 40 31
40x43: 37 32 25 26 35 27
50x45: 55 50 70 59 55 57
49x42: 48 54 53 52 51 61
36x40: 39 43 25 43 31 41
50x35: 51 47 38 41 47 46
42x44: 30 32 37 31 35 31
50x42: 52 55 54 48 59 57
40x42: 49 37 32 44 44 57
40x44: 52 43 43 47 42 43
45x50: 36 39 45 38 40 41
38x37: 18 24 26 22 25 29
46x45: 39 35 45 41 27 38
47x50: 45 47 40 40 25 42
45x38: 51 49 41 42 42 36
37x40: 21 31 22 18 31 32
36x40: 46 29 25 42 34 49
39x49: 36 38 36 36 27 34
35x35: 31 35 33 25 33 32
41x43: 46 42 42 36 59 50
42x40: 40 54 43 37 53 29
47x39: 33 22 32 36 35 37
43x35: 24 24 26 27 28 25
47x45: 39 45 28 32 49 31
36x40: 29 26 23 28 25 24
49x47: 31 44 35 46 42 41
45x48: 36 40 30 39 41 54
43x42: 26 26 43 37 36 27
43x39: 31 29 24 31 36 30
44x39: 24 29 33 39 22 34
35x46: 40 40 46 40 41 41
41x50: 40 38 31 19 39 40
35x48: 40 38 50 45 45 40
50x49: 54 68 68 53 66 71
45x35: 48 30 36 38 49 44
35x50: 33 29 27 29 29 29
43x44: 44 26 36 29 33 27
46x35: 44 46 48 29 37 44
48x47: 36 35 40 45 42 42
41x47: 37 31 25 38 31 33
49x46: 63 51 73 48 61 49
35x44: 38 48 34 45 42 27
41x37: 40 39 34 45 37 38
43x50: 39 33 42 36 40 33
40x49: 37 31 31 45 32 32
41x36: 35 47 30 37 39 40
43x48: 43 39 34 34 42 31
36x46: 30 27 25 30 35 33
47x46: 50 68 46 53 49 70
36x49: 31 33 28 28 33 39
41x44: 46 55 47 42 37 51
45x48: 43 34 34 40 56 33
41x35: 25 27 20 33 21 17
47x38: 50 43 39 45 54 45
41x36: 22 26 27 24 31 26
39x49: 54 40 59 46 45 50
45x40: 34 35 31 29 32 33
